0000000000000000000000
0000000000000110000000
0000000000000010000000
0000000000010000000000
0000000001000010000000
0000000000000000000000
0011100001000000000000
0010010001000000000000
0000000010000010000000
0010001010000000000000
0000000110000000001000
0000000110000011110000
0010000111000100001000
0001001000001000000000
0000110001000000000000
0000000001001000000100
0000000001110000000100
0000000001000000000000
0000000001000000000000
0000000001000000000000
0000000000000000000000
0000000000000000000000
